0.000000000000000000e+00
1.026060308432966833e-02
2.052120616865933667e-02
3.078180925298900500e-02
4.104241233731867333e-02
5.130301542164834167e-02
6.156361850597801000e-02
7.182422159030768527e-02
8.208482467463734666e-02
9.234542775896700806e-02
1.026060308432966833e-01
1.128666339276263586e-01
1.231272370119560200e-01
1.333878400962856814e-01
1.436484431806153705e-01
1.539090462649450319e-01
1.641696493492746933e-01
1.744302524336043547e-01
1.846908555179340161e-01
1.949514586022637053e-01
2.052120616865933667e-01
2.154726647709230281e-01
2.257332678552527172e-01
2.359938709395823786e-01
2.462544740239120400e-01
2.565150771082417291e-01
2.667756801925713628e-01
2.770362832769010519e-01
2.872968863612307411e-01
2.975574894455603747e-01
3.078180925298900639e-01
3.180786956142196975e-01
3.283392986985493867e-01
3.385999017828790758e-01
3.488605048672087094e-01
3.591211079515383986e-01
3.693817110358680322e-01
3.796423141201977214e-01
3.899029172045274105e-01
4.001635202888570442e-01
4.104241233731867333e-01
4.206847264575164225e-01
4.309453295418460561e-01
4.412059326261757453e-01
4.514665357105054344e-01
4.617271387948350680e-01
4.719877418791647572e-01
4.822483449634943908e-01
4.925089480478240800e-01
5.027695511321537136e-01
5.128249421547967923e-01
5.228803331774398711e-01
5.329357242000829498e-01
5.429911152227260285e-01
5.530465062453691072e-01
5.631018972680121859e-01
5.731572882906552646e-01
5.832126793132983433e-01
5.932680703359414220e-01
6.033234613585845008e-01
6.133788523812275795e-01
6.234342434038706582e-01
6.334896344265137369e-01
6.435450254491567046e-01
6.536004164717997833e-01
6.636558074944428620e-01
6.737111985170859407e-01
6.837665895397290194e-01
6.938219805623720982e-01
7.038773715850151769e-01
7.139327626076582556e-01
7.239881536303013343e-01
7.340435446529444130e-01
7.440989356755874917e-01
7.541543266982305704e-01
7.642097177208736491e-01
7.742651087435166168e-01
7.843204997661596956e-01
7.943758907888027743e-01
8.044312818114458530e-01
8.144866728340889317e-01
8.245420638567320104e-01
8.345974548793750891e-01
8.446528459020181678e-01
8.547082369246612465e-01
8.647636279473043253e-01
8.748190189699474040e-01
8.848744099925904827e-01
8.949298010152335614e-01
9.049851920378766401e-01
9.150405830605197188e-01
9.250959740831627975e-01
9.351513651058058763e-01
9.452067561284489550e-01
9.552621471510920337e-01
9.653175381737351124e-01
9.753729291963781911e-01
9.854283202190212698e-01
9.954837112416643485e-01
1.005539102264307427e+00
